0, 35.73103170428802, 149.28121081261992, 1.9814959782249464, 168.389322678071, 83.28523086128644, 
1, 31.79422965776503, 150.79161357044003, 1.0598465287548875, 172.79193847754098, 87.05572687275685, 
2, 29.40759958970345, 150.6430767106847, 1.9043719530138885, 171.31369149682823, 88.9830387591681, 
3, 29.79897419296954, 152.1030720005425, 1.7883004175901496, 176.11791885794568, 88.66310463343933, 
4, 28.952817339295084, 152.04645338798773, 2.6945629219095077, 178.16279615400967, 89.39805394547159, 
5, 28.5905704940634, 151.9903187837367, 5.109587978212106, 170.74868564637296, 89.61122083480473, 
6, 28.2970818472568, 151.95920319052482, 3.885585164518705, 172.32842467346643, 89.90036358899272, 
7, 26.377482891346894, 147.15639558898292, 4.4137147512087695, 171.5230309501251, 90.70122373198075, 
8, 26.379235261688105, 145.53005275590112, 3.708514095253364, 171.2031524105291, 90.21710778813173, 
9, 24.837240926015948, 144.03538257325127, 3.7874812217908866, 171.29718057006514, 91.37712744975198, 
10, 28.527912553988628, 144.089466352526, 0.9731675780086466, 172.20537080584202, 86.18780173317333, 
11, 30.375588373757733, 145.41404184744974, 0.7000541279138607, 168.5863325162919, 84.4011114444204, 
12, 27.663906668037505, 144.77738363573786, 0.13921309153685632, 167.56031111920348, 86.35738111653319, 
13, 28.810701742232308, 146.35749471935983, 1.5327894847407861, 168.34018015837245, 84.47178399427207, 
14, 27.27680569094736, 145.0038323308579, 0.020758158175924087, 168.45515803768478, 85.71685010293578, 
15, 25.258702956146493, 144.69239885023262, 2.26298704844092, 173.06611487890174, 87.61933232914248, 
16, 28.547915824095195, 148.20396250999852, 0.13852050811982244, 173.88555346950483, 84.59182140187022, 
17, 22.90812270700361, 148.1302154982718, 2.9488952399030715, 177.83905027099624, 90.33546860638575, 
18, 23.660036954244195, 149.74314984295341, 10.735724345448192, 176.6449061979376, 89.10974709754191, 
19, 25.05486640681752, 152.60888532090505, 14.883459351150403, 179.36822237262516, 87.39385326958126, 
20, 23.561276669999586, 154.31444418912747, 17.70330586198525, 176.4037036107649, 88.37321457154815, 
21, 22.9863314976209, 155.09715127801817, 22.162470499389443, 172.20977931915942, 88.47725982752223, 
22, 20.13391045603396, 155.90366145578466, 29.691897155630677, 165.637221014289, 91.124795953834, 
23, 21.791279526044878, 157.29690965108733, 30.207634317074394, 158.4317255454141, 89.60710493532173, 
24, 16.65789079412915, 153.65191385960915, 35.0027867559997, 156.9848801004849, 94.88678180630114, 
25, 17.3452674203867, 154.5044232648274, 34.57619737838367, 155.55777286720885, 94.17666342194303, 
26, 17.411222427995547, 154.7744142717579, 34.690076889115296, 155.27550077370472, 93.82130429961666, 
27, 18.76217201686075, 158.4281584441665, 35.31403527917679, 154.65232671062688, 91.89127569431963, 
28, 19.543650811925573, 160.05682114131957, 32.594137398495775, 152.17864058905872, 91.15168746307671, 
29, 15.489746049216976, 157.89899832515334, 41.43071531601978, 155.7355386771782, 94.97034025565858, 
30, 16.16687677599916, 166.22710979243294, 42.05157114474752, 148.15120811162595, 94.62896926299828, 
31, 9.858418443747123, 163.1387323462282, 47.21143492148469, 146.14428428836874, 100.56936021546699, 
32, 10.946457935891221, 164.94852657488866, 43.73257748013743, 143.7394570554224, 99.57749437893034, 
33, 13.600797136421589, 164.70230497425655, 42.59967296703865, 145.98876231336084, 96.5285002850556, 
34, 14.111023125826534, 160.25538761076274, 40.82048040064237, 157.9500346199656, 95.09888501197565, 
35, 18.925643508304738, 162.07266067358364, 30.541608125973507, 161.23533320861995, 89.53069590547841, 
36, 14.193926619758875, 158.98504249334056, 30.997802260191985, 158.79848188958712, 93.37338366940855, 
37, 16.99638538420264, 162.3275383275714, 38.816257870919586, 162.64667590117799, 89.97693950276141, 
38, 16.43839054226997, 160.02336541063832, 41.68153003071405, 157.83438754932715, 90.790087040679, 
39, 15.187066660944502, 159.0130390982598, 45.652224173134066, 153.11962267208776, 91.80386700920639, 
40, 16.650700371153125, 161.09736593613354, 44.43810097423464, 146.60158852533456, 90.57779059246104, 
41, 12.661093093523215, 159.48294263776663, 57.447114213319026, 142.1079387054049, 94.07300359969895, 
42, 15.382031316037915, 166.18761206271424, 58.977767420895375, 136.1491627286275, 91.3734610689055, 
43, 11.7207264431652, 163.22652034568466, 68.15567591784412, 138.4164142763004, 94.37905917604019, 
44, 12.516073416619959, 163.75724489843344, 57.929819055345675, 138.69746137249336, 92.71649773011893, 
45, 6.89843166211904, 162.44574412713214, 63.8306174340573, 137.5609007331377, 97.3804092252978, 
46, 11.601201023965958, 169.72175640623084, 60.9068973036862, 133.32532640760095, 92.05864207431523, 
47, 9.122581502257631, 167.3793178581612, 62.23378357052126, 134.70596590223622, 94.18834462090473, 
48, 8.632973574968625, 171.32259252443063, 69.60061309142651, 131.02285363968872, 94.0487142937738, 
49, 3.4717074236177035, 170.74454365644542, 71.33035356346673, 128.04598699198098, 99.30974521755638, 
50, 0.9262516730887429, 175.00719564177652, 71.58992068477414, 124.17895786456953, 101.38328799817833, 
51, 1.7579868543999924, 178.53045056797717, 74.14646246053641, 120.50540471994225, 103.41938326476338, 
52, 3.1096304889195956, 178.64587767435603, 74.33873445319126, 123.83480640788304, 103.50545891481022, 
53, 10.254787288413864, 179.68569799167753, 75.60514952251484, 123.05049495158323, 109.6780003123929, 
54, 13.341178195525552, 173.08602754448793, 81.42474766220046, 116.69212274775447, 111.98248862118791, 
55, 18.44050304754339, 165.475679586763, 82.60485032912595, 115.3892545373453, 116.37521466982358, 
56, 26.27447267760699, 160.35822525603788, 83.90451629702723, 113.14574441434993, 123.54305500944142, 
57, 31.756359947443933, 157.30535200431618, 84.12750564931152, 110.77268118079002, 127.88937976463174, 
58, 33.92986537194954, 154.27530279568998, 84.8918051104467, 108.64558907483358, 129.07627233350547, 
59, 38.07539127055947, 154.74504915892655, 80.78233695191423, 108.31063609654801, 132.73873878535187, 
60, 39.406534403783084, 154.210430819905, 81.11561567416175, 114.2890454718333, 133.43519430451826, 
61, 37.35099304793364, 152.10272779070152, 75.43408460812624, 116.50565329284849, 130.51535776314168, 
62, 37.569906710691114, 152.79609534868686, 77.10351165804971, 119.49650797774943, 130.0548846598486, 
63, 38.512730472623446, 152.58044084781525, 82.09227445182091, 118.67309443698487, 130.15243956905599, 
64, 39.55835983978144, 152.86450817158644, 80.78722950404044, 112.84480125489839, 131.07378357445648, 
65, 40.24974228026635, 151.77030364546937, 83.62397223312364, 111.52600600686284, 131.3399858025195, 
66, 38.1160132941054, 150.0005033114971, 84.97067418512702, 109.99884096474047, 128.94301593882102, 
67, 38.669341106947016, 148.18898398986343, 85.06627384615827, 107.0854960648402, 129.9119787326917, 
68, 42.54374034975048, 149.70858828911935, 88.06374759995163, 107.59306535357227, 133.8521413513898, 
69, 43.55469335211022, 148.44251826344828, 85.30940822656544, 103.214753268555, 135.9969497905624, 
70, 42.969859375076794, 146.32343090964773, 85.19363369873462, 102.62416619413105, 135.56971326802875, 
71, 42.17570259170921, 146.20574322015943, 87.3826090823455, 106.05393784938965, 134.54210566186754, 
72, 41.26619673753059, 146.64241592616145, 86.1673678502622, 106.13624416738972, 133.5521783376401, 
73, 44.62671634656881, 150.72834312310056, 83.95643718639175, 106.06643233344238, 137.0777901405887, 
74, 44.58485335280948, 151.09341206389763, 87.96568395735669, 109.78652610899339, 136.92349824704812, 
75, 44.68389642614296, 150.99771284411892, 88.70612174649455, 109.06036032651221, 137.0986646841615, 
76, 44.7256864086953, 150.9599258891367, 88.66243711806769, 108.80436657083878, 137.23642687958412, 
77, 44.73884062700957, 150.9382598346415, 88.2917388913778, 108.61951255583504, 137.35250845678195, 
78, 44.69630947463752, 150.96271068135638, 88.0658247535238, 108.49610068476777, 137.38050000609306, 
79, 40.69373737491878, 147.11448371977949, 87.90335295323216, 108.51434444628026, 133.25323825890624, 
80, 40.74829752777183, 147.14982506644856, 87.85945889705066, 108.5468093339336, 133.31828785268658, 
81, 40.78173258902316, 147.18743184616832, 87.75841740175795, 108.52835705611302, 133.36639143887462, 
82, 41.00291442319606, 147.32263571668025, 87.73940167045376, 108.58221567723963, 133.5821795101058, 
83, 41.14351668674142, 147.4466173835868, 87.80154911980534, 108.62151916356652, 133.74035311865777, 
84, 41.25293430050423, 147.5456215182493, 87.85484933694856, 108.65826818616489, 133.85923963256388, 
85, 41.30658649150041, 147.76360943316703, 84.82544226258752, 105.27797385833053, 134.13517556787005, 
86, 41.33936731379199, 148.18043602943308, 84.30044691545594, 106.35359348504606, 134.14748950464036, 
87, 41.35746550683844, 148.92579516289874, 83.92273734374217, 107.39827873265594, 134.15799055236866, 
88, 41.60244410755545, 149.31831356841653, 83.65843169431623, 107.8931712749572, 134.44625066550924, 
89, 41.74982008102445, 149.20189764967452, 86.39566507176109, 111.21997851903534, 134.23199059898926, 
90, 42.40162862933386, 149.09450864714532, 85.43888981115053, 109.69236466151935, 135.13164600137875, 
91, 43.76567697975972, 149.94142188650744, 82.26472546297585, 110.36539158670995, 136.8937938131834, 
92, 40.44201072510012, 147.4646809765092, 83.18390814002015, 112.11509741897177, 133.29710529771472, 
93, 38.555593577405986, 147.43192973808735, 83.52721530809407, 114.939560887456, 131.38094717215674, 
94, 41.08094718417427, 153.68862714272842, 83.25171002292787, 114.8215873075092, 135.22191789306166, 
95, 37.22050212322357, 153.0973840290298, 84.51252132344386, 116.98381915196275, 131.95099896302924, 
96, 33.75919146002601, 151.82368898259355, 80.9318351923446, 118.25694620876413, 129.44023920524296, 
97, 28.602751123941903, 158.8306194331016, 71.93415282719198, 125.93704278801675, 125.18951596150319, 
98, 28.125666017229644, 161.7523807142501, 66.22581035944583, 129.47356699288744, 125.63748751905572, 
99, 22.30202748641888, 168.11380672621073, 65.6730751272611, 135.6403282467795, 121.27763327797419, 
100, 15.814247654728906, 166.63520686114515, 66.15457856966324, 131.750242596083, 116.86099455238792, 
101, 19.360436134624024, 163.66117780352337, 66.26338502975139, 126.55822498820841, 123.94357843910785, 
102, 19.413994358726942, 166.08242462516247, 72.04869422341075, 129.17563693631087, 125.39843124162277, 
103, 15.96906899911145, 175.25556193943024, 66.01904582385595, 125.994350456308, 123.62132532460203, 
104, 7.767619446529026, 174.47181567703828, 55.86398190754691, 135.3400874454195, 116.90667323507924, 
105, 3.973310460402978, 172.62243086883205, 65.15005921270107, 132.46081689831246, 113.92001572753577, 
106, 4.665400912360449, 178.65305314039455, 56.77563890517633, 143.4204922246315, 104.8159216935847, 
107, 7.648875399398573, 168.37561733611705, 50.228174036501976, 145.86982277412395, 101.54115329895427, 
108, 11.725663500259163, 168.45543073679102, 48.337878897303774, 147.41342355998842, 98.87653634812631, 
109, 14.44589229568404, 167.77207693101764, 53.38439253909504, 144.2896634187949, 96.43271134046165, 
110, 10.096327296336073, 161.91087283482995, 48.67675918575233, 147.59623942292868, 101.10075483027305, 
111, 16.966909594622386, 164.97039155016515, 49.425135727991595, 151.3481145902956, 94.72811334757483, 
112, 17.00478640077923, 166.5114344666128, 44.835633364845044, 153.1558153770873, 96.87467289268898, 
113, 13.080143940483067, 162.18248480799318, 43.73540898963918, 150.78356595828663, 101.7485015075626, 
114, 14.138183978048454, 161.25849420059657, 43.01779667581575, 158.15244873395903, 100.91172536379509, 
115, 15.729882286344274, 160.72790783402195, 32.316918519905215, 153.95608586276134, 99.94301428175021, 
116, 19.870128991536557, 161.59753126994835, 34.27375490520435, 161.66961418777234, 95.92666650064933, 
117, 22.279906180753912, 161.80825146739633, 32.062356206448285, 166.44909406272507, 93.60406561193878, 
118, 18.88626591868057, 157.75993657575395, 25.61755829084914, 163.5934601922771, 97.66833047864486, 
119, 21.083700223736894, 158.79912755888074, 25.693997882149787, 165.6323060193749, 95.41411563905928, 
120, 20.53643533699438, 153.36150050481328, 17.78381746484606, 171.85194694367314, 96.41548373126182, 
121, 25.055647765035747, 153.61246348862576, 16.49244152403108, 171.9450791131963, 91.83413189465733, 
122, 24.03397671497872, 151.52825815706777, 15.263699722759487, 171.97465307437972, 93.03387249314972, 
123, 23.258469701553576, 150.0891446717903, 12.473963931362752, 174.57952196599868, 93.85520949305169, 
124, 22.209310053774338, 149.34228401836413, 13.528819427777515, 174.48063366348495, 94.44625920872994, 
125, 27.532028212235648, 151.6479670443036, 12.792371110070949, 173.0879748353331, 89.29846743235566, 
126, 29.22849415799492, 151.3317903985381, 11.458255118859398, 174.32986295125605, 87.80707825900379, 
127, 26.678955188812953, 148.09957297887766, 9.114142273572584, 175.62915958141505, 90.49769882748654, 
128, 28.918516195640326, 147.47263315118627, 11.71394067554614, 178.00298094632856, 88.09356701771361, 
129, 30.192687155937744, 147.89951814797016, 6.9206855925134585, 177.45537001228826, 86.88401453810411, 
130, 30.772947734283125, 149.2386021814532, 4.694581287077983, 178.38571985138398, 86.48582444638413, 
131, 26.89389350949035, 146.16544354685948, 3.8570008841118346, 179.82868154046432, 90.51693511530601, 
132, 28.90000124740489, 147.71124730476552, 6.210686252460356, 176.9006979918975, 88.37010379998003, 
133, 26.92352375256596, 145.22075050084595, 1.867245552459608, 179.7861235602353, 90.52176624021678, 
134, 29.766818176070245, 148.61633925241918, 4.766446721182023, 174.67739157955535, 87.61795570624423, 
135, 27.463892367951466, 146.2346321838003, 0.7847279796386312, 177.33047205832858, 90.26776891317519, 
136, 30.461186470504703, 148.55548856445333, 0.4971348903932783, 174.341207996703, 87.18276939732345, 
137, 29.075487506605075, 145.95444101962266, 0.3003705396725176, 171.40678195802272, 88.77377742193778, 
138, 31.99358253422806, 146.70894185810394, 5.032750529472829, 174.19715274615785, 86.1782686308394, 
139, 31.165050657333776, 145.1442367957475, 4.128447946485214, 173.040314881976, 87.14017517680298, 
140, 30.267204494206304, 144.2775951678348, 2.8375164862596765, 172.27134056231912, 88.14767856388039, 
141, 32.960247774732885, 147.1156770835685, 0.24631908960077664, 170.95465900012965, 85.56985620984585, 
142, 29.743948877444844, 144.91856104950665, 3.7751024055367295, 175.855408482362, 88.49654295444293, 
143, 28.198398894824354, 143.9929616388279, 1.0328854329766517, 174.7014711305649, 90.17130209909652, 
144, 31.69971285958295, 146.56760547586876, 0.8059371889308039, 172.1160380516363, 86.84125102952214, 
145, 31.13151809584409, 144.996224725722, 1.2557082131227468, 171.68675751311983, 87.54577703035409, 
146, 30.496740718378497, 143.52117505977108, 1.5388820755235304, 170.39846610842, 88.33949890121096, 
147, 30.035747254717855, 142.9183482323469, 4.381011552834089, 175.55330503472382, 89.08092045469499, 
148, 30.043795453301872, 142.5246538892491, 4.253187095275446, 175.1926836635207, 89.0927126711614, 
149, 29.524115686160407, 141.21001014609357, 3.9181829812467512, 174.9143987451314, 89.73213889809898, 
150, 33.350187295199376, 144.42222579024713, 1.7746954500199328, 174.94186627936412, 85.89865567782164, 
151, 32.96821252394253, 143.6670156660001, 0.9226746244283464, 174.97874830924616, 86.33722676664331, 
152, 32.86468645326093, 143.3924929455884, 0.4871775990485971, 175.02814250953926, 86.42006873398293, 
153, 32.79214959232345, 143.173938056408, 0.23846038825456176, 175.03269252599085, 86.46038809950932, 
154, 32.150822473015964, 142.91857469519778, 0.022464269818179713, 175.06497549112873, 87.18162966443015, 
155, 31.67639784757102, 142.8860896093349, 0.05184587986340772, 175.10614418068047, 87.5958709728908, 
