0, 89.36725864118054, 87.26003342305097, 88.69536465061412, 112.15827120526541, 54.73283415889909, 
1, 106.33102085218069, 74.46338353525891, 97.48261903127525, 109.47353845763018, 70.69546989284565, 
2, 107.48943110581548, 67.3421198684232, 97.87643800722117, 103.74471777055555, 71.71817422335916, 
3, 110.96357625678539, 68.4908945018833, 99.5042373394034, 101.34542070443064, 74.47510214128084, 
4, 110.90410227454386, 68.38822041061172, 99.42976033818633, 100.80461080093693, 73.58895397402574, 
5, 111.38656889214745, 68.55001492462651, 103.32938571766107, 103.47055944981457, 73.71797859995546, 
6, 111.37407624582713, 69.65020557174904, 103.7950165035897, 102.38095709998203, 73.31107086937156, 
7, 112.5023610285598, 69.53244107579553, 104.65457401132534, 100.77763750164155, 73.94099874559467, 
8, 112.63925113437517, 70.74760920429395, 104.4065831358148, 100.13653199036514, 73.9398682213493, 
9, 112.45988244968927, 71.17262843032972, 104.80964898731045, 99.93126056379981, 74.33839897516738, 
10, 113.76655315961877, 71.93522657396647, 104.86692201381112, 99.60870034426239, 76.0021172976267, 
11, 110.8030217957597, 67.62097577342303, 105.55377327018479, 98.80449354390726, 74.06751929804923, 
12, 112.69114924738746, 67.46261742784043, 105.57399928303752, 97.85308661026727, 76.67111706720287, 
13, 112.72662629720797, 66.8999131406265, 106.40688119146273, 97.24419289067617, 77.09538745442177, 
14, 113.65543900733105, 66.83690987791545, 107.13158857812985, 96.24964807052066, 78.04995779236474, 
15, 114.09710557050954, 66.53956098185353, 108.6108174765634, 96.24133420786819, 78.42309210962976, 
16, 110.97648022191792, 66.35304685543201, 108.5879763065702, 96.5872940661838, 75.13484006992634, 
17, 110.11556653884286, 66.98861581442117, 109.07357156537807, 97.30806244664603, 74.49919362402154, 
18, 110.38457075937136, 68.82639029345, 105.46444809326809, 94.73152487619734, 74.21673789253559, 
19, 109.47631960188414, 72.17150543524286, 106.36225087935767, 97.93715168166307, 73.82064115986675, 
20, 110.96478531301624, 77.09498982255025, 103.62092055468952, 96.41126341076716, 75.23969437269372, 
21, 108.65523426783757, 74.89372350453232, 104.70992250659131, 98.02802470260889, 73.237813028776, 
22, 107.33550129027279, 78.97559709375895, 104.97793689125501, 102.48422690674624, 73.73076387369244, 
23, 103.15283291351109, 79.65633009326535, 100.73228346975418, 99.61290893537944, 71.568936762087, 
24, 98.54407179664175, 80.9512305934831, 100.65344960074339, 102.13131724831044, 70.54532387088769, 
25, 89.82114049113403, 87.42776248677188, 96.79213664846219, 105.14259230398997, 64.43258233170641, 
26, 86.84910768773175, 97.97432541864185, 96.71401797571303, 109.27150015541275, 64.47571921104588, 
27, 73.68222946102803, 106.07326781808806, 93.07973691995778, 114.61462945797555, 58.02580019658277, 
28, 60.42715873758589, 105.63213459002566, 85.84764259918205, 116.18640498537633, 50.42498589948533, 
29, 18.828445641395565, 172.73313938364558, 82.91134487761474, 120.90511579981307, 29.12158963370213, 
30, 37.69168850086332, 140.32270210947058, 82.48079805113844, 121.90522932421078, 45.52680380917309, 
31, 53.43806315538771, 126.36786229954227, 81.55811917424592, 126.93482614453387, 58.83579855994197, 
32, 58.11025595203797, 114.29073868877273, 79.06546960684943, 128.44231022821089, 60.501197178526766, 
33, 70.45934625056678, 110.84115577475205, 78.9035045285816, 129.07360035449665, 68.79277286129718, 
34, 65.96905101607085, 100.00743286401801, 78.07885287114698, 128.51779588210582, 63.60223624307133, 
35, 71.14599166523156, 91.75290193784886, 78.53092606752188, 129.8527535280482, 67.37777537709357, 
36, 69.35973726356912, 93.44089669362961, 78.12473712804791, 129.62579903767764, 65.94864557206937, 
37, 68.2675440968407, 103.63332208670798, 76.30997297306669, 127.87732733304594, 65.28299424797702, 
38, 68.9685152263133, 107.22767182814145, 76.07461672653164, 127.82370190295092, 66.44553610145557, 
39, 68.44116346893493, 107.19414371761516, 75.5147751272363, 127.78061726936255, 66.75181931133648, 
40, 70.82666631042417, 108.5676063492404, 75.34129804432956, 127.8328822797115, 69.39349716044381, 
41, 69.87803955437887, 106.24861034029806, 75.32944482362728, 127.77951092602987, 67.82048874870834, 
42, 70.62499612736474, 107.32613996845234, 75.26528630123869, 127.87373529188619, 67.78837035991418, 
43, 66.6467341223746, 101.63161053076483, 75.22752020254222, 128.06562839034606, 63.28895665140353, 
44, 66.73185817312319, 103.89215398139137, 75.21610195822933, 128.2331446382942, 63.49183428049082, 
45, 67.03541776972533, 105.23622292212933, 75.16958034658177, 128.55075002228563, 63.88438374871515, 
46, 67.6505901995115, 105.40599724953739, 75.0098894584628, 128.56810529109464, 64.43396756720203, 
47, 67.41993488927947, 105.5843633870782, 77.4569721243804, 131.8011683386401, 64.41497048301092, 
48, 63.206402742008315, 103.2208843419165, 77.32792781368983, 131.45479519561172, 60.8520630190189, 
49, 67.58706249309226, 107.29509210341921, 76.998520784954, 131.60030932850705, 66.9218522514363, 
50, 64.06930210279795, 102.11321568529858, 76.88188729592468, 131.50025675332216, 64.30399078165156, 
51, 69.67203841131287, 107.0867052763791, 76.78491919632762, 129.87745989829085, 71.47550279652056, 
52, 68.05632867398437, 109.74697522257232, 75.76348035222634, 130.26525831790627, 72.73804872422119, 
53, 58.40630149655135, 119.13166001538754, 75.60395749693294, 129.17745291927181, 68.53245425005584, 
54, 27.060460349737514, 168.73728577193478, 82.63515625732379, 126.52158286196345, 44.44038945747844, 
55, 98.56739465141538, 76.58321336451672, 89.43647839144506, 114.3821757941794, 74.74029888004445, 
56, 105.85199753031739, 68.84580533628987, 94.23783020501457, 113.1878664922028, 79.70964434403459, 
57, 112.4843838430297, 65.46668701732989, 98.59175263159113, 105.5894395912216, 81.46728159698593, 
58, 120.41161069995619, 59.588649946807756, 107.98580863456613, 97.39834980675988, 88.36452277331125, 
59, 119.44365320646155, 55.7468440266529, 107.06254421339582, 100.69369100356715, 85.94810125595909, 
60, 119.3961223661441, 55.10913967785827, 102.81066991208894, 97.04848926859108, 86.31685528142425, 
61, 120.51926255389476, 57.967115932550655, 102.87002056852657, 97.20161015123807, 86.43750952357577, 
62, 122.97546021124519, 57.04956589635947, 103.83638250803466, 96.8803967903832, 86.9793773223978, 
63, 124.54415593445641, 56.8772857868687, 107.08183861280199, 96.47101194099321, 86.29602670591366, 
64, 125.23183957159416, 57.00333330117792, 108.39012841971865, 97.00718390837153, 86.21384108857973, 
65, 125.67960844287104, 55.70116437983171, 110.31010079612733, 97.55298120173302, 86.69451778585898, 
66, 122.89881400037844, 55.774988771384756, 110.86461373455904, 97.6338697218099, 84.07164824514814, 
67, 119.95558900319834, 56.2625636682136, 105.88639048821133, 93.35148884251055, 80.68142846339627, 
68, 121.31371886376691, 56.80874438155257, 105.87094761080644, 94.15266150111205, 79.99921812399724, 
69, 120.61128214919843, 58.56399706727933, 106.9911873437944, 94.70633504980651, 79.89447450521527, 
70, 123.05245309758925, 60.58033856967569, 108.4256547313382, 96.66422093515774, 82.598211233553, 
71, 115.20041112730506, 60.820590405306405, 103.44722628774053, 100.26517392394754, 75.79097658894986, 
72, 112.66310997511442, 65.14343655796239, 99.11659807031754, 103.26846159606322, 75.84013728962306, 
73, 106.86217815542797, 70.30740659642163, 94.87209901498244, 108.21299830778256, 74.32973982980407, 
74, 106.79228568554034, 72.95645857338639, 95.22081297064102, 114.55577459333892, 77.54079617016322, 
75, 84.0691400451008, 78.92653802613836, 87.29353376464928, 121.06302859339834, 66.92635752558425, 
76, 10.165635534713005, 162.37267286785877, 78.6228767643351, 124.82799041972928, 7.023502494769657, 
77, 32.25300691755184, 124.08126173006922, 78.29871676616926, 131.79703782304733, 46.782265324926456, 
78, 50.540113690810394, 112.3172287255484, 76.36398316895986, 136.81239674230562, 62.21799746505835, 
79, 58.360267787921146, 112.72705646120028, 72.8875045992915, 134.87307035196108, 64.68334212660504, 
80, 61.47364510160277, 103.74620180917739, 72.74967635572949, 137.6204780669756, 65.44677162558952, 
81, 68.46456279554627, 105.39186808454033, 72.82397091474729, 136.07508363497368, 66.94487008577549, 
82, 67.4705864993239, 102.91215671640612, 73.37732178233404, 134.99787991023314, 63.4508097953043, 
83, 77.11423002122375, 102.44644166200047, 73.88185874651691, 134.40934577211289, 71.14418424669873, 
84, 75.2491305662232, 93.61717874806229, 74.01323850924297, 134.26931595720518, 68.3162496398792, 
85, 86.51828946895559, 91.45865263429766, 74.2259752854568, 134.20916681013904, 76.40742609899368, 
86, 87.74834806096433, 57.238101773687745, 74.61328119053758, 134.2076901374117, 76.58619874606872, 
87, 91.0210305135374, 65.10096692963792, 75.23102825892181, 133.42562346095335, 77.63411228958198, 
88, 92.95629984238171, 69.545388599946, 75.74510625365394, 131.99864088982713, 79.090412346372, 
89, 92.42839531929182, 72.52462456260078, 76.48643171321788, 131.34757841876095, 77.95784802806085, 
90, 93.67512330696206, 68.8356460355686, 77.50008135845042, 131.14999832776292, 79.31060420802218, 
91, 90.57740415384458, 73.78687540148759, 77.75702550257898, 131.39899587516138, 76.76027116412472, 
92, 90.12464520413485, 74.79528765099236, 77.86750189733016, 131.8066115851924, 76.68463082288825, 
93, 92.64655495127097, 72.37269400782273, 78.37666451070362, 132.7760148428042, 79.4596473452994, 
94, 91.50653305795683, 73.40527074464865, 78.88595234756582, 132.79367634437668, 78.40204453301251, 
95, 91.5861805264288, 73.37599642009675, 79.2883600700597, 132.7390575218119, 78.450669414241, 
96, 91.68716008891829, 72.8936702159582, 80.0202289581573, 132.35599188280887, 78.49081458301917, 
97, 91.41143567582506, 72.59415809976402, 80.3444259877653, 132.06613871062765, 78.40902869469687, 
98, 91.25057675764661, 72.48946224389204, 80.38767578474432, 131.50426071841423, 78.44040863711051, 
99, 90.99664850717329, 72.66944830692168, 80.32825205144115, 131.10933434865066, 78.30889876450176, 
100, 89.65485274187036, 72.12663472722632, 80.09766733715452, 130.60218257464675, 77.77605331959715, 
101, 85.59083993677199, 73.17429090909461, 79.68195368122463, 130.38000989701706, 76.72880949005167, 
102, 80.55097232034801, 87.68483800999475, 79.71655351366451, 130.23360205869474, 76.08201297674947, 
103, 73.73100530641332, 96.77253825272598, 79.16758954180682, 131.17657580554982, 72.8257161083771, 
104, 29.0439185664711, 150.49878380996864, 89.16701110683897, 125.81377553160866, 37.68980126017849, 
105, 14.259671024026153, 171.8814335106039, 86.44573843642519, 130.2052544704309, 25.124807961394712, 
106, 2.396452775609283, 168.0824088554576, 86.27570052879491, 130.38743152598678, 11.172216819964593, 
107, 26.751061549053073, 150.720879343735, 86.2928621537834, 125.06654419016382, 11.656987858019491, 
